20
Common_Rosefinch 0.0000000 0.0131027 0.0100626 0.0095067 0.0111891 0.0134796 0.0129026 0.0123572 0.0129676 0.0117859 0.0118151 0.0135818 0.0142467 0.0135837 0.0148022 0.0123588 0.0123906 0.0129686 0.0123580 0.0123580 
Poouli           0.0131027 0.0000000 0.0062121 0.0089749 0.0095285 0.0106515 0.0100893 0.0112996 0.0095755 0.0089942 0.0095749 0.0113003 0.0096000 0.0107306 0.0118476 0.0119376 0.0113895 0.0107593 0.0113597 0.0113597 
Maui_Creeper     0.0100626 0.0062121 0.0000000 0.0035408 0.0056258 0.0061555 0.0056268 0.0056380 0.0051234 0.0045874 0.0045975 0.0056639 0.0062270 0.0056647 0.0072910 0.0067654 0.0067814 0.0067818 0.0062266 0.0062266 
Kauai_Creeper    0.0095067 0.0089749 0.0035408 0.0000000 0.0067190 0.0077987 0.0072582 0.0084005 0.0067509 0.0061990 0.0062130 0.0073075 0.0078920 0.0073084 0.0084236 0.0078914 0.0079105 0.0079110 0.0073433 0.0073433 
Palila           0.0111891 0.0095285 0.0056258 0.0067190 0.0000000 0.0050556 0.0045377 0.0061407 0.0050778 0.0050661 0.0045569 0.0066709 0.0061703 0.0056138 0.0072238 0.0067033 0.0051245 0.0056533 0.0051125 0.0051125 
Nihoa_Finch      0.0134796 0.0106515 0.0061555 0.0077987 0.0050556 0.0000000 0.0004932 0.0056138 0.0035253 0.0040311 0.0045575 0.0066717 0.0051135 0.0050899 0.0072247 0.0067041 0.0067198 0.0067203 0.0061707 0.0061707 
Laysan_Finch     0.0129026 0.0100893 0.0056268 0.0072582 0.0045377 0.0004932 0.0000000 0.0050893 0.0030135 0.0035176 0.0040400 0.0061414 0.0045893 0.0050899 0.0066899 0.0061710 0.0061854 0.0061858 0.0056406 0.0056406 
Iiwi             0.0123572 0.0112996 0.0056380 0.0084005 0.0061407 0.0056138 0.0050893 0.0000000 0.0035325 0.0025027 0.0030192 0.0061541 0.0045985 0.0051002 0.0067038 0.0061838 0.0061982 0.0061986 0.0056522 0.0056522 
Akohekohe        0.0129676 0.0095755 0.0051234 0.0067509 0.0050778 0.0035253 0.0030135 0.0035325 0.0000000 0.0019926 0.0025030 0.0045671 0.0030325 0.0035329 0.0051022 0.0045887 0.0045991 0.0045994 0.0040672 0.0040672 
Apapane          0.0117859 0.0089942 0.0045874 0.0061990 0.0050661 0.0040311 0.0035176 0.0025027 0.0019926 0.0000000 0.0014902 0.0045566 0.0030256 0.0035249 0.0050904 0.0045781 0.0045884 0.0045887 0.0040579 0.0040579 
Akiapolaau       0.0118151 0.0095749 0.0045975 0.0062130 0.0045569 0.0045575 0.0040400 0.0030192 0.0025030 0.0014902 0.0000000 0.0040480 0.0030199 0.0030195 0.0045787 0.0035487 0.0040761 0.0040764 0.0035485 0.0035485 
Maui_Parrotbill  0.0135818 0.0113003 0.0056639 0.0073075 0.0066709 0.0066717 0.0061414 0.0061541 0.0045671 0.0045566 0.0040480 0.0000000 0.0056525 0.0051002 0.0067038 0.0061838 0.0061982 0.0061986 0.0051239 0.0051239 
Anianiau         0.0142467 0.0096000 0.0062270 0.0078920 0.0061703 0.0051135 0.0045893 0.0045985 0.0030325 0.0030256 0.0030199 0.0056525 0.0000000 0.0035410 0.0051142 0.0040769 0.0035489 0.0035491 0.0040766 0.0040766 
Hawaii_Creeper   0.0135837 0.0107306 0.0056647 0.0073084 0.0056138 0.0050899 0.0050899 0.0051002 0.0035329 0.0035249 0.0030195 0.0051002 0.0035410 0.0000000 0.0035336 0.0030256 0.0040672 0.0040675 0.0035408 0.0035408 
Kauai_Akepa      0.0148022 0.0118476 0.0072910 0.0084236 0.0072238 0.0072247 0.0066899 0.0067038 0.0051022 0.0050904 0.0045787 0.0067038 0.0051142 0.0035336 0.0000000 0.0030203 0.0051256 0.0045793 0.0045894 0.0045894 
Akepa            0.0123588 0.0119376 0.0067654 0.0078914 0.0067033 0.0067041 0.0061710 0.0061838 0.0045887 0.0045781 0.0035487 0.0061838 0.0040769 0.0030256 0.0030203 0.0000000 0.0035332 0.0035334 0.0030133 0.0030133 
Kauai_Amakihi    0.0123906 0.0113895 0.0067814 0.0079105 0.0051245 0.0067198 0.0061854 0.0061982 0.0045991 0.0045884 0.0040761 0.0061982 0.0035489 0.0040672 0.0051256 0.0035332 0.0000000 0.0009931 0.0014969 0.0014969 
Oahu_Amakihi     0.0129686 0.0107593 0.0067818 0.0079110 0.0056533 0.0067203 0.0061858 0.0061986 0.0045994 0.0045887 0.0040764 0.0061986 0.0035491 0.0040675 0.0045793 0.0035334 0.0009931 0.0000000 0.0014970 0.0014970 
Maui_Amakihi     0.0123580 0.0113597 0.0062266 0.0073433 0.0051125 0.0061707 0.0056406 0.0056522 0.0040672 0.0040579 0.0035485 0.0051239 0.0040766 0.0035408 0.0045894 0.0030133 0.0014969 0.0014970 0.0000000 0.0000010 
Hawaii_AmakihiA  0.0123580 0.0113597 0.0062266 0.0073433 0.0051125 0.0061707 0.0056406 0.0056522 0.0040672 0.0040579 0.0035485 0.0051239 0.0040766 0.0035408 0.0045894 0.0030133 0.0014969 0.0014970 0.0000010 0.0000000 
