21
Common_Rosefinch 0.0000000 0.0524426 0.0519162 0.0527112 0.0563728 0.0602215 0.0593430 0.0553077 0.0554409 0.0539800 0.0553961 0.0547738 0.0575896 0.0574326 0.0561962 0.0561866 0.0544791 0.0561083 0.0548961 0.0543535 0.0546299 
Poouli           0.0524426 0.0000000 0.0428776 0.0455731 0.0472414 0.0497660 0.0484118 0.0456082 0.0463700 0.0454637 0.0460415 0.0470945 0.0472047 0.0468404 0.0469671 0.0476886 0.0465757 0.0478448 0.0469586 0.0463124 0.0461414 
Maui_Creeper     0.0519162 0.0428776 0.0000000 0.0280945 0.0368664 0.0390977 0.0376855 0.0333187 0.0342791 0.0341714 0.0353505 0.0341716 0.0373495 0.0365064 0.0355074 0.0354443 0.0352873 0.0369746 0.0358477 0.0350048 0.0349861 
Kauai_Creeper    0.0527112 0.0455731 0.0280945 0.0000000 0.0369535 0.0400240 0.0384843 0.0342361 0.0353694 0.0347107 0.0365414 0.0340344 0.0373158 0.0377600 0.0374498 0.0377527 0.0378470 0.0386099 0.0388322 0.0375979 0.0375777 
Palila           0.0563728 0.0472414 0.0368664 0.0369535 0.0000000 0.0243497 0.0226213 0.0270980 0.0273265 0.0268876 0.0280412 0.0274586 0.0286442 0.0295678 0.0297992 0.0292657 0.0278260 0.0288947 0.0291303 0.0281842 0.0284092 
Nihoa_Finch      0.0602215 0.0497660 0.0390977 0.0400240 0.0243497 0.0000000 0.0046666 0.0290918 0.0294486 0.0290914 0.0306285 0.0297846 0.0311045 0.0323189 0.0317725 0.0317270 0.0306651 0.0324254 0.0311315 0.0305433 0.0306438 
Laysan_Finch     0.0593430 0.0484118 0.0376855 0.0384843 0.0226213 0.0046666 0.0000000 0.0277842 0.0277845 0.0275457 0.0291922 0.0290565 0.0297793 0.0310988 0.0304643 0.0306278 0.0291112 0.0312050 0.0299208 0.0292215 0.0293220 
Iiwi             0.0553077 0.0456082 0.0333187 0.0342361 0.0270980 0.0290918 0.0277842 0.0000000 0.0123235 0.0120047 0.0235220 0.0237298 0.0253435 0.0256658 0.0252140 0.0249214 0.0244547 0.0261792 0.0255825 0.0247800 0.0247676 
Akohekohe        0.0554409 0.0463700 0.0342791 0.0353694 0.0273265 0.0294486 0.0277845 0.0123235 0.0000000 0.0109561 0.0237460 0.0244184 0.0252476 0.0262668 0.0256914 0.0250510 0.0244630 0.0260659 0.0253650 0.0244588 0.0244466 
Apapane          0.0539800 0.0454637 0.0341714 0.0347107 0.0268876 0.0290914 0.0275457 0.0120047 0.0109561 0.0000000 0.0236182 0.0245300 0.0245142 0.0257784 0.0247548 0.0241090 0.0243418 0.0257080 0.0251302 0.0243297 0.0242053 
Akiapolaau       0.0553961 0.0460415 0.0353505 0.0365414 0.0280412 0.0306285 0.0291922 0.0235220 0.0237460 0.0236182 0.0000000 0.0208985 0.0229335 0.0237381 0.0236182 0.0228560 0.0231909 0.0240898 0.0226112 0.0219341 0.0218126 
Maui_Parrotbill  0.0547738 0.0470945 0.0341716 0.0340344 0.0274586 0.0297846 0.0290565 0.0237298 0.0244184 0.0245300 0.0208985 0.0000000 0.0231559 0.0227183 0.0244017 0.0230862 0.0220484 0.0237455 0.0227146 0.0220374 0.0220266 
Anianiau         0.0575896 0.0472047 0.0373495 0.0373158 0.0286442 0.0311045 0.0297793 0.0253435 0.0252476 0.0245142 0.0229335 0.0231559 0.0000000 0.0233795 0.0231335 0.0218408 0.0215017 0.0226220 0.0218409 0.0210493 0.0209221 
Hawaii_Creeper   0.0574326 0.0468404 0.0365064 0.0377600 0.0295678 0.0323189 0.0310988 0.0256658 0.0262668 0.0257784 0.0237381 0.0227183 0.0233795 0.0000000 0.0164862 0.0156513 0.0181515 0.0201299 0.0195669 0.0184625 0.0184537 
Kauai_Akepa      0.0561962 0.0469671 0.0355074 0.0374498 0.0297992 0.0317725 0.0304643 0.0252140 0.0256914 0.0247548 0.0236182 0.0244017 0.0231335 0.0164862 0.0000000 0.0116887 0.0185799 0.0197820 0.0196759 0.0186736 0.0186647 
Akepa            0.0561866 0.0476886 0.0354443 0.0377527 0.0292657 0.0317270 0.0306278 0.0249214 0.0250510 0.0241090 0.0228560 0.0230862 0.0218408 0.0156513 0.0116887 0.0000000 0.0170665 0.0188094 0.0183773 0.0171663 0.0171582 
Kauai_Amakihi    0.0544791 0.0465757 0.0352873 0.0378470 0.0278260 0.0306651 0.0291112 0.0244547 0.0244630 0.0243418 0.0231909 0.0220484 0.0215017 0.0181515 0.0185799 0.0170665 0.0000000 0.0107266 0.0121998 0.0114623 0.0114570 
Oahu_Amakihi     0.0561083 0.0478448 0.0369746 0.0386099 0.0288947 0.0324254 0.0312050 0.0261792 0.0260659 0.0257080 0.0240898 0.0237455 0.0226220 0.0201299 0.0197820 0.0188094 0.0107266 0.0000000 0.0133660 0.0126231 0.0126173 
Maui_Amakihi     0.0548961 0.0469586 0.0358477 0.0388322 0.0291303 0.0311315 0.0299208 0.0255825 0.0253650 0.0251302 0.0226112 0.0227146 0.0218409 0.0195669 0.0196759 0.0183773 0.0121998 0.0133660 0.0000000 0.0027622 0.0028612 
Hawaii_AmakihiA  0.0543535 0.0463124 0.0350048 0.0375979 0.0281842 0.0305433 0.0292215 0.0247800 0.0244588 0.0243297 0.0219341 0.0220374 0.0210493 0.0184625 0.0186736 0.0171663 0.0114623 0.0126231 0.0027622 0.0000000 0.0006857 
Hawaii_AmakihiB  0.0546299 0.0461414 0.0349861 0.0375777 0.0284092 0.0306438 0.0293220 0.0247676 0.0244466 0.0242053 0.0218126 0.0220266 0.0209221 0.0184537 0.0186647 0.0171582 0.0114570 0.0126173 0.0028612 0.0006857 0.0000000 
